1 0.756207 0.856605 0.119517 0.285727
1 0.112567 0.731683 0.123151 0.220848
1 0.339301 0.396196 0.051682 0.115547
3 0.481077 0.412239 0.082812 0.251229
1 0.484390 0.640168 0.078734 0.203380
1 0.352674 0.275628 0.040018 0.080103
1 0.252117 0.354628 0.049954 0.117588
1 0.448891 0.255331 0.054547 0.075413
3 0.265404 0.734844 0.117023 0.292473
1 0.230715 0.471979 0.078496 0.150029
3 0.486821 0.450058 0.069670 0.173432
1 0.239254 0.160025 0.036844 0.054684
1 0.264865 0.736130 0.116192 0.294724
3 0.471122 0.346961 0.065777 0.119415
1 0.417713 0.201728 0.031801 0.050117
0 0.079337 0.615078 0.011328 0.050364
1 0.340029 0.154367 0.026645 0.051136
5 0.265949 0.735151 0.117284 0.294985
