1 0.140586 0.662990 0.107888 0.193694
1 0.802084 0.674598 0.119456 0.222833
1 0.487209 0.627765 0.072214 0.193056
3 0.489783 0.454284 0.063421 0.166277
1 0.229894 0.470144 0.056279 0.099311
1 0.345160 0.343941 0.047819 0.101335
3 0.300403 0.592292 0.090149 0.222688
1 0.238802 0.159591 0.035790 0.056587
3 0.470814 0.336107 0.064081 0.102023
1 0.353831 0.254252 0.037961 0.073854
1 0.341630 0.190724 0.027771 0.050018
1 0.257845 0.339818 0.046771 0.111178
1 0.376320 0.089247 0.023886 0.036809
1 0.418099 0.206027 0.030729 0.041449
1 0.440665 0.255620 0.036585 0.075223
1 0.450460 0.254827 0.056950 0.076314
0 0.078819 0.615152 0.011738 0.048809
