1 0.483005 0.682931 0.085266 0.216750
1 0.350233 0.306445 0.042946 0.086835
1 0.325959 0.465748 0.061467 0.140727
3 0.471330 0.347812 0.067752 0.139931
1 0.077584 0.811083 0.144509 0.250551
3 0.489420 0.468128 0.066129 0.196424
1 0.216861 0.502741 0.078029 0.159321
3 0.211663 0.878708 0.147948 0.242584
1 0.443875 0.256731 0.043353 0.075274
1 0.238805 0.160737 0.035926 0.054310
1 0.340911 0.165727 0.027793 0.049873
1 0.345234 0.229860 0.032689 0.057373
1 0.418093 0.204020 0.030337 0.045341
5 0.248971 0.368131 0.053858 0.117826
0 0.055163 0.666936 0.012449 0.054250
3 0.216791 0.503479 0.077646 0.159931
5 0.326290 0.062219 0.035609 0.075658
1 0.413751 0.192977 0.038327 0.067215
0 0.079547 0.615564 0.011926 0.051281
0 0.103021 0.571740 0.010196 0.046279
