1 0.254430 0.778286 0.102751 0.255188
3 0.306864 0.507521 0.093885 0.286257
1 0.238373 0.160069 0.035704 0.055556
3 0.503479 0.655564 0.076614 0.246491
1 0.435291 0.239066 0.044187 0.089448
1 0.412529 0.160328 0.047179 0.082375
1 0.342200 0.179317 0.035857 0.059251
1 0.291851 0.097373 0.024507 0.036974
1 0.167402 0.615032 0.114164 0.206007
1 0.288363 0.201144 0.036238 0.080967
1 0.475606 0.367858 0.048827 0.114429
1 0.337085 0.102234 0.024827 0.043646
1 0.338885 0.311047 0.052171 0.117584
3 0.474653 0.364678 0.049772 0.119276
