1 0.290004 0.202274 0.033539 0.057789
1 0.239521 0.159517 0.033542 0.054808
1 0.247308 0.823392 0.131474 0.310259
1 0.303017 0.421785 0.054083 0.119117
1 0.409509 0.167967 0.033095 0.049477
4 0.124472 0.684995 0.248234 0.621705
1 0.484104 0.414241 0.056215 0.147431
1 0.377246 0.091061 0.024968 0.034050
1 0.330908 0.083857 0.030229 0.049436
3 0.343557 0.231646 0.043746 0.133435
1 0.290985 0.047956 0.028657 0.045781
1 0.376843 0.081656 0.026129 0.049988
3 0.124091 0.685427 0.247960 0.623281
3 0.483767 0.412799 0.056846 0.146818
