1 0.240840 0.159840 0.031871 0.056046
1 0.225149 0.442672 0.062263 0.112191
1 0.340250 0.270788 0.040880 0.072008
1 0.398583 0.134448 0.027512 0.046437
1 0.334842 0.135387 0.026025 0.046710
3 0.499522 0.528223 0.058603 0.162449
1 0.281620 0.236999 0.041189 0.068402
1 0.321470 0.042940 0.021088 0.032219
1 0.457547 0.262536 0.040196 0.068718
1 0.461772 0.718030 0.048249 0.047389
1 0.319279 0.441188 0.049286 0.115575
3 0.320015 0.441186 0.050973 0.116249
0 0.104073 0.571543 0.010361 0.047602
0 0.080715 0.615258 0.011899 0.049758
