1 0.289943 0.235243 0.033568 0.068403
1 0.260780 0.318903 0.045139 0.086221
1 0.872785 0.580126 0.102971 0.172885
1 0.116376 0.737312 0.141743 0.257113
1 0.239280 0.160045 0.032230 0.054167
1 0.409208 0.177058 0.029365 0.046045
1 0.207975 0.470506 0.081012 0.153411
1 0.486495 0.620800 0.070704 0.189413
0 0.079119 0.616169 0.011664 0.051892
1 0.315051 0.585394 0.073874 0.166423
1 0.295773 0.132198 0.026467 0.042548
3 0.471781 0.334627 0.063680 0.102912
1 0.439838 0.241017 0.044213 0.069957
3 0.489315 0.454110 0.063473 0.160829
1 0.340219 0.330106 0.044692 0.111633
0 0.055731 0.664999 0.012649 0.052217
1 0.351065 0.057321 0.022229 0.034584
2 0.180878 0.839142 0.030222 0.109268
3 0.480889 0.408908 0.076642 0.253732
0 0.182607 0.778699 0.039935 0.100266
