3 0.268869 0.652057 0.124441 0.346453
3 0.847359 0.590935 0.238851 0.392543
3 0.075612 0.823430 0.150889 0.301715
1 0.486971 0.620470 0.071615 0.190151
1 0.350129 0.314175 0.040314 0.079015
1 0.422661 0.197371 0.035975 0.061681
3 0.470194 0.312621 0.066293 0.134441
1 0.388791 0.126070 0.023830 0.036779
1 0.238715 0.159160 0.035633 0.056189
3 0.489628 0.453909 0.062975 0.162849
1 0.283512 0.179339 0.030415 0.053626
1 0.273876 0.267557 0.041282 0.083719
1 0.242228 0.402607 0.054375 0.090963
1 0.345435 0.220819 0.033331 0.074261
