3 0.302182 0.516284 0.093034 0.262496
3 0.883794 0.497322 0.162894 0.275708
1 0.486901 0.620465 0.070990 0.190937
1 0.238775 0.159543 0.035107 0.055565
1 0.136480 0.665827 0.126869 0.226837
1 0.350841 0.274965 0.035693 0.070907
1 0.413877 0.180615 0.037132 0.055930
1 0.278449 0.227754 0.037008 0.076833
0 0.231293 0.440377 0.021097 0.092896
3 0.489142 0.453601 0.063275 0.162785
1 0.262713 0.333175 0.052974 0.098363
3 0.469614 0.313575 0.066605 0.141222
1 0.383205 0.111667 0.021761 0.026868
1 0.285256 0.154539 0.028318 0.047584
