1 0.287932 0.205040 0.031902 0.056044
1 0.338177 0.363629 0.043811 0.096418
3 0.482236 0.411898 0.080664 0.207382
1 0.146767 0.684858 0.119735 0.235457
1 0.301407 0.600000 0.084042 0.189662
1 0.181705 0.979316 0.093585 0.039753
1 0.237113 0.159928 0.037958 0.056680
1 0.454050 0.287873 0.046589 0.079181
1 0.225248 0.440182 0.063119 0.142076
3 0.501707 0.723591 0.092895 0.309115
1 0.345239 0.242446 0.036853 0.072415
1 0.418441 0.204905 0.029853 0.046519
0 0.078384 0.614689 0.011648 0.049638
0 0.055778 0.665808 0.012614 0.050029
