1 0.275197 0.243991 0.038919 0.071057
1 0.821865 0.741048 0.123857 0.258461
1 0.483516 0.452977 0.052728 0.135372
1 0.348845 0.222519 0.035334 0.066601
1 0.212543 0.445877 0.085962 0.162034
1 0.238414 0.158811 0.035657 0.055579
3 0.429184 0.208061 0.057690 0.108719
3 0.271632 0.653227 0.136688 0.393037
1 0.330257 0.389744 0.063553 0.143028
1 0.462219 0.329874 0.053349 0.117765
1 0.505618 0.687488 0.079871 0.260769
1 0.291126 0.130121 0.028444 0.049393
1 0.342338 0.290214 0.038776 0.061462
0 0.103585 0.572299 0.010296 0.045693
3 0.505949 0.687840 0.079893 0.258488
