1 0.285749 0.239927 0.039839 0.072623
1 0.486690 0.619452 0.071337 0.190456
1 0.238702 0.159298 0.035384 0.055080
1 0.265240 0.360228 0.053897 0.092897
1 0.102919 0.715971 0.133858 0.235799
3 0.455219 0.279683 0.065751 0.118066
5 0.802493 0.711650 0.120287 0.249258
3 0.488450 0.457863 0.065157 0.166151
3 0.344131 0.381849 0.049468 0.110879
1 0.295518 0.692399 0.095325 0.229799
1 0.489135 0.455156 0.064479 0.162600
5 0.103013 0.716387 0.133567 0.235084
5 0.295796 0.692946 0.096029 0.229865
1 0.801766 0.711586 0.120488 0.254631
1 0.292644 0.124749 0.024111 0.038064
