1 0.188516 0.542065 0.084528 0.150680
1 0.915027 0.491968 0.059265 0.079942
1 0.779038 0.845801 0.124526 0.298881
1 0.239431 0.159449 0.033361 0.057124
1 0.486662 0.620347 0.071180 0.189861
3 0.488240 0.454122 0.065405 0.161829
3 0.472113 0.336022 0.062617 0.103948
1 0.334260 0.422720 0.058999 0.154181
1 0.230719 0.774973 0.125553 0.294938
1 0.247556 0.412251 0.054122 0.105325
1 0.046694 0.880964 0.093041 0.233772
1 0.367142 0.067531 0.021877 0.034051
1 0.266921 0.299515 0.044573 0.102931
3 0.480757 0.409589 0.075614 0.253309
3 0.778551 0.846364 0.124303 0.300639
1 0.417658 0.204301 0.029760 0.046873
1 0.349815 0.210286 0.034903 0.061754
1 0.450680 0.256263 0.057692 0.076276
1 0.950768 0.420341 0.046250 0.030734
3 0.229948 0.776762 0.125477 0.293844
1 0.385981 0.138392 0.025630 0.048426
1 0.351516 0.281105 0.036849 0.072663
