1 0.221685 0.887593 0.143785 0.224151
3 0.488092 0.508994 0.086121 0.265848
1 0.086380 0.824519 0.155756 0.304289
1 0.340879 0.302440 0.040897 0.079374
3 0.210164 0.493284 0.080819 0.171435
1 0.276685 0.270382 0.042780 0.070416
1 0.313931 0.511730 0.063081 0.144724
1 0.420161 0.212847 0.034897 0.050640
1 0.463511 0.320671 0.048481 0.089116
1 0.237830 0.159637 0.037775 0.056521
0 0.103411 0.571377 0.010548 0.046509
3 0.462779 0.321675 0.048172 0.085976
1 0.460839 0.722729 0.051059 0.052300
1 0.403597 0.167520 0.030354 0.048130
