3 0.276251 0.608337 0.121192 0.315235
3 0.861156 0.557412 0.224979 0.352826
1 0.350479 0.304182 0.039009 0.076554
1 0.487269 0.620317 0.071694 0.189827
1 0.238837 0.159092 0.035151 0.055770
1 0.421164 0.194709 0.036467 0.057319
3 0.470632 0.333233 0.065739 0.109216
1 0.276212 0.254211 0.038394 0.083903
1 0.090200 0.775318 0.156001 0.276882
1 0.284085 0.171563 0.029238 0.054255
5 0.089484 0.775567 0.154666 0.276051
1 0.387570 0.120947 0.025672 0.034485
3 0.489673 0.454459 0.062592 0.162204
1 0.246844 0.397181 0.054248 0.068258
1 0.251061 0.374766 0.060168 0.109040
3 0.088718 0.774633 0.156026 0.274768
