3 0.322206 0.428583 0.074327 0.237772
3 0.498726 0.569090 0.067346 0.204200
1 0.266264 0.680196 0.099935 0.206266
3 0.089442 0.769327 0.178035 0.448137
1 0.340920 0.188942 0.041433 0.082700
1 0.239073 0.159062 0.034457 0.056235
1 0.256249 0.399441 0.048895 0.070880
1 0.460989 0.719437 0.049235 0.048068
1 0.406544 0.159170 0.035680 0.063769
1 0.328891 0.085291 0.025297 0.048300
1 0.256390 0.381408 0.049192 0.104599
1 0.454647 0.281340 0.041075 0.084340
5 0.382842 0.091871 0.034846 0.066264
1 0.293661 0.114514 0.027661 0.057922
