1 0.238585 0.893499 0.127936 0.213003
1 0.138799 0.631696 0.116392 0.217712
1 0.235208 0.411092 0.060806 0.111738
1 0.486662 0.620459 0.071184 0.191915
1 0.036472 0.944551 0.072505 0.106135
1 0.238879 0.159850 0.034824 0.056417
1 0.272971 0.321436 0.044960 0.088848
1 0.284776 0.209682 0.034191 0.070544
3 0.481096 0.407930 0.077798 0.256263
3 0.488522 0.453581 0.064893 0.162117
1 0.321402 0.437777 0.059285 0.149939
1 0.350531 0.080198 0.020730 0.036297
3 0.471665 0.334317 0.064428 0.105868
1 0.398091 0.154320 0.026850 0.044934
1 0.414770 0.194199 0.030208 0.048969
1 0.348047 0.301797 0.041688 0.100788
7 0.923988 0.747034 0.150495 0.482375
1 0.380672 0.122637 0.023583 0.037681
