1 0.333411 0.459918 0.059910 0.140776
1 0.486887 0.620239 0.071051 0.191542
1 0.237983 0.158420 0.035613 0.055307
1 0.279342 0.271940 0.043905 0.084579
3 0.489241 0.454045 0.063538 0.162508
3 0.461406 0.297061 0.067761 0.153034
1 0.290310 0.151807 0.027314 0.045284
1 0.369109 0.066789 0.021406 0.031162
3 0.344082 0.223555 0.039586 0.118269
1 0.248095 0.884782 0.122931 0.228044
1 0.055994 0.868483 0.111627 0.254967
5 0.247622 0.885378 0.122560 0.226851
1 0.240189 0.428422 0.059247 0.104667
1 0.288621 0.089439 0.022904 0.046110
