1 0.291534 0.561339 0.083392 0.194543
1 0.215044 0.471519 0.071075 0.127199
1 0.261930 0.359962 0.053532 0.105781
3 0.471657 0.335676 0.062414 0.103172
1 0.239382 0.159618 0.033406 0.055412
1 0.486473 0.621241 0.071374 0.189646
3 0.488622 0.452993 0.064708 0.161802
5 0.077725 0.767506 0.148158 0.279354
5 0.879194 0.552427 0.109796 0.161814
1 0.879461 0.550626 0.111364 0.164577
1 0.274450 0.271479 0.042983 0.082850
1 0.076413 0.766237 0.148651 0.280605
1 0.343510 0.350162 0.049078 0.125370
1 0.339821 0.103427 0.025019 0.037187
3 0.480544 0.409098 0.075377 0.252450
1 0.417162 0.206099 0.029939 0.041709
1 0.383643 0.134652 0.025313 0.047618
1 0.441121 0.256073 0.038573 0.075997
1 0.449588 0.255248 0.056522 0.077780
1 0.350788 0.243594 0.034980 0.077999
