1 0.041208 0.935723 0.081958 0.127162
3 0.316217 0.449900 0.076829 0.227076
1 0.270058 0.304232 0.046649 0.083468
1 0.279346 0.204506 0.036232 0.075801
1 0.408362 0.165450 0.035793 0.049563
1 0.486886 0.620107 0.070484 0.189911
1 0.238206 0.159856 0.037703 0.056845
3 0.488683 0.454022 0.064064 0.163052
1 0.349944 0.254466 0.034202 0.066754
3 0.470360 0.323100 0.067994 0.150941
3 0.908500 0.455368 0.096163 0.193535
1 0.376439 0.099719 0.023171 0.030450
1 0.170352 0.578782 0.105986 0.187282
1 0.286580 0.140174 0.029033 0.046722
1 0.342411 0.185784 0.027470 0.069992
