3 0.310896 0.483439 0.088914 0.269166
1 0.262950 0.733818 0.098808 0.234732
3 0.503019 0.633355 0.074949 0.233070
1 0.337222 0.134782 0.029551 0.051739
1 0.239011 0.159278 0.035253 0.055599
1 0.339073 0.262199 0.049395 0.109912
1 0.292647 0.158995 0.032184 0.068551
0 0.077892 0.610838 0.011484 0.043127
3 0.071430 0.821343 0.142829 0.352775
0 0.103200 0.571107 0.010282 0.046098
1 0.210416 0.507378 0.091463 0.163660
3 0.468923 0.331987 0.043498 0.096333
3 0.210316 0.506157 0.090998 0.164916
1 0.468922 0.331041 0.043586 0.100360
1 0.423084 0.204402 0.038391 0.080170
