1 0.084628 0.755063 0.143364 0.250783
1 0.486746 0.618495 0.070631 0.191182
1 0.238399 0.158614 0.035789 0.055068
1 0.283840 0.245931 0.041918 0.081091
3 0.459221 0.276950 0.062730 0.141110
1 0.284068 0.743952 0.101857 0.253043
1 0.772814 0.798845 0.127505 0.294637
3 0.342819 0.397687 0.053246 0.118731
1 0.258095 0.377982 0.052649 0.092222
3 0.488097 0.457149 0.065683 0.166078
1 0.342841 0.398208 0.052609 0.117525
5 0.772089 0.798832 0.127229 0.296247
1 0.288128 0.072157 0.024125 0.048436
1 0.488699 0.454161 0.064758 0.162616
1 0.291581 0.129457 0.024365 0.044139
3 0.286338 0.742988 0.106340 0.250641
3 0.344528 0.205758 0.037928 0.110369
