3 0.877268 0.497893 0.170446 0.294572
1 0.259826 0.344555 0.054484 0.100914
1 0.127456 0.686610 0.132425 0.235453
1 0.486978 0.620648 0.071091 0.190720
1 0.239306 0.159582 0.034901 0.055148
1 0.350815 0.281043 0.036104 0.069409
3 0.297476 0.534095 0.099240 0.266739
1 0.415772 0.181464 0.034724 0.058064
1 0.277068 0.232994 0.038918 0.080361
1 0.285381 0.158875 0.030182 0.047540
3 0.489065 0.454045 0.063318 0.162222
0 0.227847 0.452027 0.024356 0.092530
3 0.469885 0.312887 0.066835 0.136404
1 0.383948 0.112660 0.024021 0.032723
1 0.344674 0.205103 0.028521 0.074026
