1 0.907713 0.502941 0.069741 0.082200
1 0.043423 0.889604 0.086555 0.218853
1 0.185677 0.550567 0.085744 0.152875
1 0.772898 0.866860 0.126146 0.266279
1 0.239016 0.159492 0.033990 0.056614
1 0.486871 0.620532 0.070930 0.190449
3 0.489027 0.453898 0.064718 0.162578
3 0.471233 0.336173 0.063976 0.104936
1 0.350448 0.285499 0.036826 0.083246
1 0.221981 0.804983 0.129086 0.312926
1 0.332446 0.432244 0.060324 0.150457
1 0.245074 0.421235 0.051812 0.093947
1 0.417222 0.205826 0.029996 0.043041
1 0.450135 0.255859 0.056549 0.077539
3 0.222363 0.804237 0.129250 0.316248
1 0.350476 0.211123 0.035169 0.059109
1 0.266909 0.302623 0.043781 0.104012
0 0.079036 0.614917 0.012618 0.050784
1 0.368004 0.067789 0.023101 0.036101
3 0.479470 0.409215 0.074756 0.254284
