1 0.238120 0.853783 0.141674 0.288742
1 0.460849 0.316521 0.045671 0.088480
1 0.279533 0.259822 0.040355 0.066781
1 0.100244 0.797169 0.148754 0.283814
3 0.489024 0.490425 0.087202 0.260092
1 0.460464 0.720963 0.051285 0.052877
3 0.213904 0.482929 0.076601 0.166302
1 0.342128 0.288843 0.037841 0.079719
1 0.238076 0.159219 0.037876 0.056575
1 0.420499 0.210234 0.031253 0.047072
5 0.497560 0.881164 0.106079 0.226043
1 0.321218 0.476787 0.057436 0.131769
3 0.460798 0.317504 0.045148 0.086403
3 0.335057 0.125672 0.047386 0.122913
