1 0.281595 0.724404 0.103427 0.248055
1 0.239241 0.158782 0.037324 0.057606
1 0.487012 0.620788 0.070944 0.191375
3 0.341362 0.298445 0.048580 0.148194
3 0.488314 0.454017 0.064367 0.161665
1 0.167800 0.617819 0.112998 0.189586
1 0.386576 0.112657 0.028466 0.039077
1 0.344746 0.197758 0.036037 0.052827
3 0.479659 0.406970 0.077525 0.257578
3 0.471817 0.336125 0.066318 0.114676
3 0.249507 0.377513 0.064024 0.111207
1 0.286475 0.210283 0.031629 0.063376
3 0.281437 0.724685 0.103699 0.248484
0 0.055372 0.665219 0.013019 0.053160
