1 0.054774 0.901230 0.109043 0.197540
1 0.238982 0.159908 0.035225 0.056062
1 0.264018 0.825254 0.118239 0.275249
3 0.488820 0.453791 0.064032 0.162175
1 0.791783 0.866074 0.113577 0.263596
1 0.486673 0.620463 0.070978 0.190255
1 0.326531 0.405786 0.057038 0.130826
1 0.241078 0.389065 0.054918 0.100889
1 0.278746 0.297004 0.042006 0.086850
1 0.287935 0.184512 0.032293 0.063948
1 0.349012 0.283909 0.041751 0.100198
3 0.471944 0.335211 0.063315 0.105303
3 0.480776 0.408238 0.076048 0.256020
1 0.449789 0.253718 0.059430 0.076151
1 0.396253 0.151400 0.026712 0.039356
1 0.157442 0.587319 0.103970 0.204427
1 0.413737 0.191232 0.029383 0.047994
1 0.381225 0.119436 0.026567 0.040581
