1 0.786776 0.876788 0.109682 0.246424
3 0.298873 0.539059 0.104827 0.309382
1 0.482230 0.427561 0.051290 0.125807
1 0.284286 0.174541 0.031579 0.054254
1 0.346506 0.183115 0.030742 0.056272
1 0.219987 0.908333 0.128936 0.183333
1 0.238616 0.158785 0.034974 0.056360
1 0.063408 0.875854 0.126475 0.241642
1 0.256075 0.328233 0.059951 0.120099
3 0.426493 0.196634 0.053962 0.099730
1 0.344829 0.265377 0.037454 0.063881
3 0.334448 0.358803 0.058166 0.135746
3 0.504999 0.676376 0.077515 0.253507
1 0.426872 0.196169 0.054801 0.096951
1 0.334289 0.359357 0.057959 0.134256
1 0.326078 0.052136 0.022947 0.060101
0 0.103792 0.570499 0.010937 0.049269
1 0.173161 0.366318 0.083994 0.089212
1 0.504757 0.677388 0.078125 0.256755
