1 0.889913 0.514332 0.100321 0.144894
1 0.175911 0.575830 0.091427 0.163699
1 0.031854 0.914771 0.063331 0.166817
1 0.486509 0.620160 0.071843 0.190633
1 0.349235 0.297885 0.040771 0.087590
3 0.488612 0.453953 0.064796 0.162553
1 0.238986 0.159981 0.035676 0.056128
1 0.241356 0.419331 0.054167 0.121293
1 0.350866 0.223016 0.033854 0.063116
3 0.471289 0.335802 0.064898 0.104606
1 0.327518 0.461330 0.065838 0.165515
1 0.263824 0.309263 0.047863 0.100738
3 0.480622 0.409378 0.077901 0.254505
1 0.192772 0.865615 0.146519 0.267971
1 0.417245 0.202752 0.031496 0.047935
1 0.369594 0.073633 0.023085 0.033002
1 0.765081 0.937033 0.104486 0.125771
1 0.351663 0.041367 0.024422 0.035759
1 0.339615 0.166796 0.027424 0.047686
