1 0.806810 0.727501 0.118401 0.254724
1 0.056181 0.854564 0.111914 0.284635
1 0.197277 0.519271 0.080629 0.142046
1 0.486304 0.620757 0.071131 0.189475
1 0.252272 0.392781 0.054025 0.118463
3 0.488666 0.454176 0.064760 0.163762
1 0.365460 0.062155 0.021520 0.031467
1 0.253984 0.700126 0.109965 0.255079
3 0.471671 0.336103 0.061848 0.104686
1 0.238858 0.160041 0.035167 0.055929
1 0.338652 0.400451 0.057177 0.140843
1 0.269572 0.293288 0.042485 0.094134
3 0.480858 0.409816 0.075414 0.254812
3 0.253845 0.699604 0.109233 0.255601
5 0.807061 0.726513 0.117763 0.252525
1 0.417588 0.202863 0.032178 0.050001
0 0.079578 0.616351 0.012531 0.053096
1 0.385947 0.136974 0.026336 0.049383
1 0.447854 0.255254 0.053332 0.077329
